-1.0730968041803794
-1.2280207259997702
-1.8659521012178477
0.6975985191390087
1.680307928168729
0.6547087824506819
-3.1880542644997902
0.6240869288684812
0.3379925334323657
-0.440327933636808
-0.5765856406278806
0.8147813409525411
0.2872446873753718
-0.18414336808934417
2.224072172538204
0.6586204677875548
0.38372456075238265
-1.5494631208191294
1.693936231784221
-0.7392857385313731
-1.102720820190466
-1.724038547888574
-1.060229411776802
2.3778709705984538
0.7271835137753986
0.9315536606002126
-0.45801091324411614
1.4093320572532344
1.9315398215890895
-1.545988231494019
-0.4473711401820819
1.6340661408929629
-0.9264873125540086
-0.6604937199428496
1.1993266976923467
-0.831220783396936
1.9522186540569928
0.1240631807109549
-0.0668942523703917
-0.6720507267489912
2.722162485703072
1.0167785234713156
1.1520791928272087
-2.962984859102173
0.5335132019278089
-1.3234830574349996
2.5325402152224106
0.22760355466087345
-1.4197555079770108
-3.995073331558044
0.003552760689135903
1.2814781748741324
2.4403337518317496
-0.7268395466881223
-4.170894412722573
0.42188550502730293
2.135997452285033
2.9338300881386026
-3.4472532814442722
-3.35184811256982
-1.4214232345328537
3.1299274993117643
2.7265056627491306
-0.34548034572232844
-4.182703869933526
-4.246089182967837
2.8625333670938167
6.9608264813319005
0.7008354390630882
-8.536131784680162
-5.905664827691336
3.51852992202778
8.917068590714075
0.9852805814234835
-4.858798195308962
-5.9815696208277345
0.4347941828362054
4.849521789989903
6.323409378424387
-3.912709256004599
-9.329126625757556
-3.5291201539012387
4.855951355919474
9.056788867297524
1.0503528538487128
-6.680765032999388
-8.31105280527749
4.195529116300011
11.277346331292737
7.1668601588207315
-6.895363432627942
-8.980422386332814
-0.5664822448118592
10.75270709837508
4.8425509961528395
-2.6917457311338557
-10.048064017842531
-4.026780880004887
4.62717287311597
11.00170578584919