-0.37524948129713825
-0.9890045894269872
0.8410378243318639
0.608432520420882
-0.8098260501888254
-0.237675604474992
-0.2541271482745528
0.44411343901703004
-0.7453043740323269
0.411588279156354
1.5572579906671464
1.1893289617406202
2.4772530160917405
0.15087893743693526
-0.8008390167239283
-1.255190456560968
-2.3840302242834
-1.2811522059765754
-0.9295290170434121
0.5788378888240032
-0.1873213748511649
0.3989060119371968
0.9495480778767462
-0.23523604636718132
-1.6314477058067154
-1.380597792539049
0.6911296034620484
1.8014789542231697
0.26910902173164775
-1.1356627597151112
-1.0635219429852047
0.4417633890216674
0.5180773693535548
0.06751865328846332
0.16040752330808972
0.40718498742571857
-0.9007740593417002
-1.3069477773929377
-0.7160670405712851
0.13348675841276172
-0.8409790327458778
0.16999652531438253
-0.3238905245747482
-0.5448147244413548
-0.545965845846603
-0.7639031086533952
-0.18408070697257906
-0.41799277940887375
-1.8425133007119185
-1.9571476732228041
-1.7210852590911228
-0.9008830696183012
-1.8482669054108187
1.4239372858226806
0.7872093690323231
0.8038459853775153
2.5315875841174953
0.6282312633948006
-1.1679499957392188
-0.03795219539701222
-0.7977353352256329
-0.6197435958995774
0.08974606893377834
0.023962150686928037
0.23172108503508845
-0.07192529367517211
0.3726676028867625
1.128055485214523
1.1766422733636732
0.8653311338875844
-0.0008322274504100335
0.6821832655928199
1.6299899925438526
0.39669373350415826
0.023404665562929347
-0.08433150604265004
1.35271509453189
1.330070851957448
0.8216534595080567
-0.6819774199531716
0.11926236778649857
2.0366371383534294
1.2371797500230597
-0.6228038074221958
-0.9480149987822934
0.3691584693882823
1.468154065366684
0.7133772804053609
-0.7327749917557509
-0.6731828589184992
-0.4898952145986254
-1.2735419281730103
-1.6066209744162383
-1.01277347800013
1.1600497323249286
0.623013442854973
1.9474947469161112
0.003640090954896258
0.1327364057825549
0.5018889797766524
-0.7270334548313604
-1.6563090499808277
-1.5215791445563418
0.11019513745162973
0.6315868611864759
1.384807059136947
0.9237954486464562
1.4891685135762267
1.0072507916869469
0.9078820360312733
2.0906366803225205
-0.6428315600851782
-1.0305935585227528
-0.5342501115027967
-1.153263383071844
-0.8477514898532944
-0.5857481276478609
1.3510050104192441
2.0605746218919903
2.4188207451691803
-0.5591209627619748
-1.8044081149426723
-0.22481760749342006
-0.48936683120479607
-0.3976572876785408
0.23941434244131066
0.425630245423384
-1.1210058045707374
1.176337034879646
2.3436096179807606
0.06230962510592197
0.2662099316023628
1.78240591263185
1.0279736416141831
-0.9367400571870769
-0.07312421791433438
-0.4598428089038116
0.8699091631500839
0.22380872699675453
-1.376312767492546
-0.455502931784789
-0.7833226120048332
-0.6594079934847935
0.11867146121127718
-0.41284112477507245
0.42347916656460016
0.9078207691472755
0.7817834445320491
1.266148919486606
0.027298698947709477
-0.0732203045548887
-1.355201100881599
-0.20777763179975695
-1.0489009495021178
-1.0240462701952833
0.7467543892613197
0.40328512333976274
0.7613446257236618
-0.6841515598586521
0.9580765530009493
0.9138246724361768
-0.1540842621971405
-0.39731874290635305
-0.9084509574084814
-2.022439241192217
0.1009497631933044
-0.6064191580018226
0.07051872262558623
-0.40689727900067885
-0.7342805761149374
1.5242706703881468
2.005693042824183
1.4798548597873857
0.8513164338150494
0.2882372068796108
-1.0983123627402314
-2.526103239844864
-0.7904860107221648
2.1232582678133713
0.8295190447735619
0.8384751879652775
0.6186786672557971
-1.4020206373585469
0.5170413943018345
-0.1379480848393917
0.4448395589093891
0.18370141215492458
0.4450946614683391
-0.8049268717916163
-0.9376465840830488
1.9486795151204817
1.6185534375194428
-0.3215723957829318
-0.03338429355893158
-1.3078346886539265
-0.6934670377910268
2.083828123200013
-0.05848549947512005
-0.9874471817389481
0.34653906252530653
-0.9220762876267405
-1.2972259441122485
1.4674985102192188
1.673257923234503
0.8503180095085363
0.09758891410143514
1.2493661050027038
1.1752747929892555
-1.4345001162765565
-0.6514548392413994
2.3535139057436885
0.8986351758016411
1.260861834585745
1.8432480830643665
1.4856086070994143
0.9143484618667641
1.4553443772219574
0.236729833435734
0.4224221335013527
1.3478977172432691
0.9532823736561582
-0.7545933861507899
-1.0749300246772877
-0.8208381931710409
0.3718086880974912
2.5380898851951006
1.7317160766524715
-0.3504971855400351
-1.900307146694675
0.11602381027413533
0.1636626753381591
-0.20698820859793915
-0.06224461333481113
0.420349830021509
0.053084722469132206
-0.9578544560558504
-0.056616795531789166
1.885570959485556
-0.6833864449472609
-0.5849421912208068
-0.16719961980816264
-0.35485016667577185
-0.9148979851448776
-1.4969356665313713
0.411129307592652
0.3742098423935598
0.2762129384335084
-1.8483862510283997
0.14250295265753987
0.6722213102452287
0.4077962064855197
0.27084264589718743
-1.9101001801656137
-1.0966097229761864
0.5702801498702157
0.5202155029867527
-0.4420305674933046
-0.6815262017674026
-2.6264197560067832
-2.3027906848757445
-0.29518487532709553
0.40075395499002886
-1.5498297300188764
-1.9453983310090155
-0.605837050289456
-1.409954623358268
-0.39747723234858395
0.4823655717784877
-2.311938070022296
-1.4261863214803727
-2.5821647971739328
-1.165370327281252
0.805212022323574
1.1886523996913514
0.7035224580092387
-0.5088379192663968
-0.9996866495309453
0.9216632116176284
1.8112907117732833
0.3873243086140988
1.617403715504413
0.8892484301875427
-0.09164126909317916
-0.39300171744292944
0.24789640594164541
-0.6474990085544955
-1.5148219058780383
0.053263792731297
0.17654794562300075
-0.14778008061722572
0.9807193179894784
0.7351765112908702
-0.7580546055498515
-1.3657731400587765
-0.578087488453152
0.5510427972194292
-0.9493495360243143
-1.3128857498689284
-2.3926403987374485
-1.4193396458014937
-0.08359450846317694
-0.03083272325565741
0.634569161556272
0.4528110215810331
-0.3469818014023851
-1.4207383577160384
0.526109796686277
-0.5854655703055531
0.3976249530166127
2.011104259684024
0.6925188617354064
-0.2748439821814471
0.4897296411381065
0.6832512663413792
-0.6913694760380582
2.3663097079930595
1.480940684201802
-1.6080096214410995
-1.4196565527304674
0.3388665474962686
1.326453086299251
-0.4661549333209186
-1.2496191094790818
0.9738076233225617
1.4098894213177333
1.126759988860187
0.716191814206165
1.0106619764599634
-0.10039785334938667
-0.30758560220153586
0.5648597193019779
1.127743186794424
-1.0749693268275067
-0.5251795694792498
0.8009684598939824
-0.06729086493964176
-0.695946123547067
-2.2344175267323
-1.5056280538879063
-1.468131573143535
0.7214629720456206
0.8321337721915961
-0.038739830032770275
0.18621717138570418
1.965978482714982
2.664043065672866
1.0160584618089359
-0.5708377793629202
-0.40775460189697693
-0.740715553854251
1.0080089913316568
-0.028088475161970328
-1.7069922919795757
-1.5138026178647292
-1.9280804801343323
-0.4543090695963568
0.14528309909737738
0.08103805170632905
3.1203130713681344
-0.5167388049986943
-1.0068133648580992
-0.7158820368723646
-1.5005933048028863
-2.3130708997627263
-2.705784409227999
0.041629298444416984
-0.8762497160089084
-0.13176100350170394
0.6990571477009814
-0.7193143936132733
0.16564346783066125
1.7928146882645433
0.9090499522113347
0.11243685122218161
-0.20851188438250295
0.3502704383867449
0.5937792014500702
-0.842761420363928
-0.6510950405133622
1.0217535391034558
0.7930765581966956
1.8527600083590796
0.8300368244855909
-0.4849925418422479
-2.065458730615541
-1.7871359451708204
1.6392010841949882
2.757489817410979
1.020361510260739
1.9087307286056128
-0.8295962077273559
-0.7557945441689561
0.8039002216930577
0.760124666775417
-0.06774842318511634
-0.31610404786138235
-0.4046038344749969
1.6124498926985826
-1.0382404756187942
-0.0019063510747260315
0.4001071265571726
0.2628855443007172
-0.9227104539987158
-1.847967359852067
-1.8482238572547143
-1.7916211099125072
-0.5739596081918433
0.422556414971513
0.8736688332990082
1.6975650050911057
2.052699083870202
1.9290885714651362
-0.17034441639417486
0.7834163206614155
1.6177522873939751
-0.5757194613088694
-0.38757943209772694
1.5513322207943943
-1.0073723506500454
-0.5391434059998446
1.4166599072148576
-0.8750941384153612
1.300210391275068
0.5338707578880608
-0.8303109598601699
0.1882680250346384
0.44455042397121347
-0.4387826671790224
-1.6150286015143265
-1.4949037785326882
-1.1305340005611655
-1.3756384636821042
-1.2835672655024801
-0.01952309574596295
0.5839621135721027
-2.455935262664664
-1.3521893779932053
-1.1215866798845309
-0.3923178687679806
1.2447307517016077
1.457932519759754
0.30081462434207606
-0.13653495691502376
0.5532563749789391
1.095378209724896
1.2164889865932151
-0.34616670590307486
-2.8962059681106815
-1.1223330980421167
0.7442128948074664
-0.19014365816590334
-0.574314005059039
-2.2046698688511333
-0.6240570795400189
0.23801201543382722
-0.17368441591709494
0.7626713150588924
-0.36222719223998495
-1.0793276886682923
0.5902066531654191
1.2793509869464035
1.8038535614611173
0.6885622287194221
-0.03257783402427406
-0.9792827356758926
-0.4572692331285383
-1.6777857780269831
-0.8733051023967036
-0.7027493707471564
0.6657173214262364
2.117854616416022
1.2800245883429053
-1.2462396815733887
-0.7459756414692527
-0.6442183173419243
-0.6628583150879243
0.6122254110281916
1.1763125921324273
1.1825969221450356
0.2269155735924291
0.7799383030167089
1.2669617038581122
-0.7326407659738918
-1.893151861017234
1.7810373055017572
1.5027829609193124
0.6126574479518039
0.7148209859368244
2.2273816587405526
1.2221633520033992
-0.6461321287949423
1.0910618664282568
2.637293388139048
0.8329806000142089
-0.8094211665844179
-0.6049459366524711
0.46360995287772544
-0.14283803435330678
-1.9291287051318713
-0.9565823715165978
-2.0526942306295948
-1.6467151812215093
-0.6236258650780929
-1.0225242048579255
-0.4280524139446201
-1.3149891302358945
-0.856562985259204
-0.49074120814963773
-0.8452603445159832
-1.8293755596759769
-0.6095174136360251
1.5972564409481604
0.3427339851020272
-1.3765234568903686
-1.9535956726153363
-1.2736892292800812
-0.08900284922826501
0.9129261797308136
1.3459589597398876
0.453289907014611
-2.0920940275141833
-1.5151822334412821
-2.0008111644502846
-2.194777243274734
-0.3939157566820215
-0.42295015985270407
0.11432041727696196
-0.7355364496793517
-1.4552528912983842
1.9808038381614592
0.929908846542301
0.2594840219527716
0.9104621215386828
0.0004267523489641101
-0.9427195422295372
0.6102735048971917
2.312841399979926
1.3318962823751905
1.0617134952836083
0.4331758486885828
-0.05981854195157054
-0.6590431466207805
-2.2846625707329755
-0.3032259243173594
0.6901755950970523
0.8714837269513147
-0.553832571884807
-0.27845312273135636
-0.1329350962244535
0.05144878257879183
-0.41552033394906573
-0.5112889018678605
2.6819541832446148
0.9727346937404105
1.6054410657223843
0.7259196627066546
-1.395128475969615
-0.47185069076451125
0.2304023319161344
-0.6786799310868151
0.39098807986781803
-0.5130200416395811
-1.3818897327531072
-1.468972650734821
-2.472495350414452
-0.695127894011303
-1.6645052723936777
-2.2336636962435907
-1.1184540226206863
-0.5385616411727835
-0.11668549441647096
-1.6457975584415152
-0.746320958368439
0.7611454563678164
0.8740980207814257
-1.5910100475030422
-1.7062610785231762
-0.7677301226197853
-1.6114292571290638
-0.7250181144670694
0.0665369075372914
-0.8066812036110906
-2.013885915842129
0.17974340583045312
0.09901051543000672
0.75077354716344
1.9533597352974041
0.6733334483410057
0.11901933580591709
0.0028504709258553446
-0.11310970159428112
-0.1778339707875512
1.2884413462243716
-1.4694119861849346
-0.809811440224022
0.7075408758249341
0.8685327917693278
-0.26038063388706983
-1.7660835996253208
-0.6043838489030426
-0.07005915072669502
0.05590826650068109
0.3057413589236354
0.8041055302956722
1.5595957876616948
1.197846222354641
-0.11508564892706202
-1.0968379604776883
-0.8354041278346508
0.33278202489713427
2.3425954125986976
1.2206629627205519
-0.8843346210297157
-0.7706173420310571
-0.2878180745091655
-0.9972608963733218
-1.0276409606871608
-0.05223573435161635
0.9053459188601958
0.4459967249048786
1.617113836021598
-0.5972498365907544
-0.18817946291801624
0.3579497248348646
-0.04703860344960579
-0.4088065660944883
0.4380220043802967
-0.2581423876639426
-1.522452030585209
-2.429627367948431
-0.17682075820207632
1.3563531464566252
1.0624321504293923
-0.2257246324996794
-0.2104928424295829
-0.48730497332852357
0.28929466990526925
-0.6285117183287097
0.6631548278920552
-1.2693641447798418
-0.34248589421393494
-1.6419648528888924
0.29219396145373777
2.4796119404741956
-1.2070035149182203
-0.1130841908484308
2.367288050827194
1.3759990386424672
-0.8821558463882184
-1.6560158330681776
-0.6955068113321884
0.8048297652924193
2.012808053628072
0.8364587895477917
-0.6173324717942784
-0.7986313834413268
1.0806770067339875
0.7979611626976147
0.38901277580375654
0.16036749301153946
0.24898353623239808
0.5106956979212517
0.7221441494334409
-0.05888537139349248
1.4380848051576816
-0.32863352484824604
-0.2789322693148742
0.13719760410832474
0.6440943324005602
-0.5620969061906635
-0.8028290421293245
-0.20323958332099817
0.3153369121551311
0.5274188359524163
-0.1784250094056542
0.038948306486133705
-0.6193868759922594
1.5124085361309934
-0.2595691837742542
-0.8706920834730532
1.3939661857868346
-1.6928422480341094
-1.8269141212612763
-1.4377109029646573
-0.25218960640500515
0.2947849312072408
0.051095599280475974
-1.3732851721825265
-0.39075053362973994
0.878587877782917
0.3780174536017418
1.7996937084881683
0.7756748090198724
-0.013324052300665266
0.24526931530796806
-0.4915664374293375
-0.687620320031062
-0.5355835399845946
0.729586524527267
-1.0976478489397783
0.5366073117830296
1.4817675813363402
0.6120158260408598
1.2918572265479653
2.330817929005476
0.32573250345382765
-0.6108853738497538
-0.2856672655993939
-0.8871117584673966
1.4216434255991646
1.3940820548489319
2.118882280791376
0.8720688647262151
-1.9088415270114205
0.15685671999752449
1.0876109477655909
1.4408358073105778
0.37972329543496286
-1.0151941249727754
-0.6827926406964512
-0.5712786050689286
-2.142261897188425
-1.7664486647173891
0.03369515179846466
1.0273974206650511
1.9206704027349317
1.0224986200338049
0.0561065662525001
-0.021947923990268927
-0.02331036515774476
1.1247831361284995
0.5431042944663693
0.8993893488445703
1.667717854384857
0.2313539508064606
0.2550021086175029
-0.405064299988504
-0.2942556905433268
-0.194323117433288
-0.3635290328590682
0.6309082181483451
0.4163381206737864
1.0668632963311462
2.573154973392348
2.340761199855603
0.6054722835811653
-0.16624136405345416
-1.0565409374714143
0.023461479849821665
-1.578715092939329
-1.003904494863839
1.2438351016729634
-1.1919066680629475
0.3836358401796629
2.6509595469460736
0.034672885041275636
-0.14997000360330864
-0.7342304058671488
-1.6854445388894796
-0.1925043809963935
-0.6710881828402552
-1.0520862857297681
-0.9580485844478226
-1.1572599486472195
-0.7355773573646769
-0.24309830427010437
-1.74188502091975
-0.914000556874794
0.9297268415009807
-2.503554322980666
-1.966213377097964
0.2999309733593787
1.7581759885994859
1.15087396001561
0.9638259201516547
-0.22138191018335684
-0.6592422837625085
0.12089762584627217
0.7100296199724597
0.03657895804273892
0.9858107280952815
0.36786160547779445
-0.2821065066190392
-0.3798121884749445
-2.939054882857199
-2.6101852913267276
-1.1417871016931382
-2.2959156345779363
-0.7823535016209999
-0.9457748351211119
-1.1851526168329374
0.256479125664796
-0.7897810590071586
0.21395008314970276
0.557934142664806
-0.0742301016752848
2.3607037901307537
1.0874852037885823
0.35788609440714614
0.1733262674457478
-0.8064699997342121
0.2620636106880485
1.826878090465926
1.4988930434314498
1.2011882648312198
-1.3733101440284567
-0.31575756318937565
0.006255812091643387
1.4762587039946204
0.10113264923073584
0.45831488186473035
0.5446095999356976
0.38343712088797705
0.23145774788217638
0.7580778005342769
1.5696222388697016
0.9392949439336912
0.07929887672657314
0.06720173523073844
0.17512829616377265
-0.36308734495059386
-0.18322936265360815
-0.7016072832231746
0.1272789015140547
1.608636027462768
0.5425289996852303
-0.5999552539296797
0.255858560038044
-0.8642522374631803
-2.13180515601052
-0.6865329715036126
-0.5542849078136738
-1.100053533965063
1.4860492448139728
1.8604620651112809
-1.1180307756024908
-0.8589353099543116
1.117207252293647
0.7371367596726747
-0.440898432586278
-0.7311595523364993
-0.7679558172910865
0.7026327212382204
1.6086735432625323
1.1152868085210454
1.2702430848395236
0.12457287293063862
-0.9410363400317767
-0.5582586717991764
0.384444243713879
1.763456667960539
0.2937361079972202
-0.1508425330098394
0.6563417536813183
0.9864902382342049
1.0618311466019246
1.0902914535901904
2.1794235525287085
-1.1063856208403422
-0.5010704846929473
2.0428056546093565
-0.713443890636733
-3.389889256188925
-0.582912154049649
-0.7723081099389315
-1.3760388097315626
-1.593522472677707
-0.3717099125122011
1.1665142037025256
-0.7076664904211746
-0.19096001707393778
-1.2877025488254095
1.126896252843459
0.07864760944183946
0.49614888115157446
0.08464019469301742
-0.19070971666791312
-1.3977796478798257
0.7203016012995379
2.1806976413110593
1.4422689050986213
0.45220824730368875
1.9218217105144129
2.7191210969676747
1.2565041961223589
-0.4403152348272366
-0.36665009941519194
-0.2096485895251137
-0.6455018133651803
-0.4423505075087439
1.2727024210029558
0.38369676122712737
-1.3020799532953389
0.11270478048270305
-0.16222500077951985
-0.6324881185863269
0.09629192909413756
-0.3078197811275346
-0.7451612284786332
-0.9802880790034134
1.2096275504203322
0.5529267771891082
-1.6596698568931552
-0.29657918152904233
0.6240161784451603
-0.16755280962814953
-0.856149097654689
0.657926294551672
0.622271041740003
-0.7589158037002274
0.18966344512585143
-0.9371819305330307
1.0999686303231724
1.8918782503438392
1.9954536128272693
0.6880540130960141
1.1992669866303038
1.1850685711491695
0.06823230946386868
0.5459544385259338
0.3479224680380143
0.08688580067675533
1.6516994034327102
-0.04182300468379674
-1.8842847272636352
-2.4774774291746766
-0.6069760304604107
-1.128356401592507
1.1950327039933222
0.0172336987272782
0.5854114344875043
1.6698141268898565
2.354116149920832
0.5026146177691899
-0.9982299303690181
-1.0637490195198607
-0.3148833400575201
-1.3375766568437228
-0.392031178598521
0.832601549070223
2.183330334466506
-0.45930611853492864
-1.776647262670243
0.436965053929964
1.1414155139914484
0.23236758735873125
0.8350390417170748
-0.7837993487393731
1.5824743974390425
-0.14374108366174565
0.9416204761269216
0.23051463253354854
0.45353033905265644
1.6662182979403628
2.950218602042727
-0.19818184881992829
-0.5601795480402293
0.7759517744670361
-0.12842286694093996
-1.2733170789647594
1.263510608264307
0.6133900839873156
-1.0775586711531415
0.1403827223750183
-0.6041188251172034
0.2262956546903851
0.7464795102998363
2.1509022390997545
0.29522445165357625
-0.6881292318355826
-0.28859055481491075
-1.316602644375067
-0.37553295890957866
-1.255276556197499
-0.6344905890554381
0.4461713942936634
0.3454628976192691
0.08946183359647317
0.39777698172609743
1.193868736751972
0.81375654004603
1.0850180804522784
0.44958460682453705
-1.77219653892223
-1.1200486651175812
0.876695877505944
-0.03830658655909702
-0.25638194979433204
-0.6509300646465137
0.6196057663788062
-0.8379710326198468
-0.7376362215538259
-0.5834695375006396
-0.5608621329808745
0.0959022153469159
-1.033751744942753
-0.9148029330613878
2.093869513147796
0.8220757037100114
-1.1990479369770422